1.0331240e+01
1.0169374e+01
1.0301017e+01
1.0340342e+01
1.0486463e+01
1.0735370e+01
1.1160917e+01
1.1562819e+01
1.1284808e+01
1.1392176e+01
1.1195327e+01
1.0915662e+01
1.1220733e+01
1.1276989e+01
1.1602240e+01
1.1805810e+01
1.1880192e+01
1.2153459e+01
1.2401882e+01
1.2078844e+01
1.1893504e+01
1.1416770e+01
1.1171483e+01
1.1351616e+01
1.1789127e+01
1.1767353e+01
1.1731541e+01
1.1248636e+01
1.0987864e+01
1.1106052e+01
1.0763094e+01
1.0370875e+01
9.9742099e+00
9.4885321e+00
9.5030322e+00
9.1926667e+00
9.5516078e+00
9.2290105e+00
9.3787801e+00
9.8270242e+00
9.8438851e+00
9.4706552e+00
9.2630786e+00
9.5402413e+00
9.6958346e+00
1.0088305e+01
1.0271506e+01
1.0109067e+01
9.8536851e+00
9.9608238e+00
9.5101899e+00
9.2078433e+00
9.6475538e+00
1.0126245e+01
9.8653485e+00
9.8694047e+00
9.7491602e+00
9.3999880e+00
9.0572757e+00
9.5264849e+00
9.7293878e+00
9.2867208e+00
9.2985605e+00
9.6625707e+00
1.0131272e+01
9.9922867e+00
9.6857827e+00
9.7548578e+00
1.0199173e+01
1.0398251e+01
1.0837434e+01
1.0435641e+01
1.0920251e+01
1.0470831e+01
1.0787720e+01
1.0304749e+01
1.0006778e+01
1.0389781e+01
1.0862662e+01
1.0805782e+01
1.1104918e+01
1.1582113e+01
1.1955482e+01
1.1892772e+01
1.2249213e+01
1.2359536e+01
1.1868156e+01
1.1824051e+01
1.1625639e+01
1.2024414e+01
1.1861180e+01
1.1385967e+01
1.1314281e+01
1.1553134e+01
1.1393974e+01
1.1599832e+01
1.1734122e+01
1.1862908e+01
1.1832796e+01
1.1796550e+01
1.1539150e+01
1.1452050e+01
1.1318432e+01
1.1180005e+01
1.1099394e+01
1.1594640e+01
1.1610888e+01
1.1407913e+01
1.1743861e+01
1.1744418e+01
1.1722174e+01
1.1978398e+01
1.1932069e+01
1.1542888e+01
1.1617070e+01
1.1768402e+01
1.1575734e+01
1.1162425e+01
1.1461941e+01
1.1767331e+01
1.1827877e+01
1.2052479e+01
1.2420994e+01
1.2106013e+01
1.2272419e+01
1.2705053e+01
1.2370078e+01
1.1945939e+01
1.1842830e+01
