-2.9097263e-01
7.2838045e-02
-2.3754505e-01
1.1283726e-01
5.0016167e-01
1.9392300e-01
4.0282286e-02
2.3304015e-01
1.2333952e-01
4.6004585e-01
4.4829495e-01
7.7630083e-01
1.1772048e+00
1.1534599e+00
8.1429182e-01
9.7810064e-01
1.4738877e+00
1.4777884e+00
1.7094282e+00
1.2624320e+00
1.5120823e+00
1.7772984e+00
1.3027558e+00
1.2117141e+00
1.0367295e+00
1.3291423e+00
1.3506724e+00
1.6867149e+00
2.1754481e+00
2.1829743e+00
1.9859170e+00
2.3667756e+00
2.3788281e+00
2.3081964e+00
2.5952790e+00
2.8941841e+00
3.2503021e+00
3.6985805e+00
4.1408041e+00
4.4120046e+00
4.6479605e+00
5.0762251e+00
5.2822992e+00
5.3650850e+00
4.9463654e+00
5.4062763e+00
5.4264189e+00
5.3951358e+00
5.4150397e+00
5.7800133e+00
5.3758719e+00
5.5420617e+00
5.4050900e+00
5.8756231e+00
6.3226841e+00
6.6733037e+00
6.8686902e+00
6.8344037e+00
7.2547169e+00
7.2710768e+00
7.0538656e+00
7.0207039e+00
7.4697939e+00
7.1857320e+00
6.7069611e+00
6.2870295e+00
6.1757747e+00
5.9338808e+00
6.2403173e+00
6.5248454e+00
6.4145841e+00
6.0434313e+00
6.0686601e+00
6.2066545e+00
6.3188456e+00
6.3020736e+00
5.8810842e+00
6.2839657e+00
6.5911416e+00
6.5497655e+00
6.1617867e+00
5.8520482e+00
5.7299019e+00
5.2416093e+00
5.1456458e+00
5.2911436e+00
4.9002724e+00
4.5426018e+00
4.7679213e+00
4.4498731e+00
4.5853605e+00
4.7647499e+00
4.9676518e+00
4.8611956e+00
4.4823679e+00
4.1819275e+00
4.5087616e+00
4.6059674e+00
4.9209918e+00
4.4925526e+00
4.0442421e+00
3.7162448e+00
3.3654886e+00
3.0230036e+00
3.4931202e+00
3.0597486e+00
3.1113895e+00
3.3164687e+00
2.8643443e+00
2.3959080e+00
2.6776441e+00
2.5227693e+00
2.2979489e+00
2.6758167e+00
2.4824072e+00
2.5444778e+00
2.6410540e+00
2.8681055e+00
3.0644538e+00
3.2213790e+00
2.7493920e+00
2.6356717e+00
3.0696741e+00
2.5921595e+00
3.0385186e+00
2.6961666e+00
2.5037800e+00
2.5647716e+00
2.6640840e+00
2.3513395e+00
2.7795325e+00
2.6104236e+00
2.4675790e+00
2.9494405e+00
2.4686813e+00
2.9442643e+00
3.4369039e+00
3.8931261e+00
3.6653597e+00
3.8644500e+00
3.6406263e+00
3.6376522e+00
4.0872531e+00
4.0139726e+00
4.1261528e+00
3.6582671e+00
3.9925302e+00
4.0578477e+00
3.8230304e+00
4.0922314e+00
4.0632894e+00
3.7970303e+00
3.5584922e+00
3.0806311e+00
2.8596557e+00
2.5235692e+00
2.9638277e+00
2.5848366e+00
2.4312667e+00
2.1979547e+00
2.5360725e+00
2.7766083e+00
2.7908213e+00
2.8737866e+00
2.9388416e+00
2.5886944e+00
2.5520605e+00
2.3877471e+00
2.8571168e+00
2.9286753e+00
2.8127245e+00
2.5149020e+00
2.8464591e+00
3.2643895e+00
3.7553004e+00
3.6145533e+00
4.0154665e+00
4.5130329e+00
4.7884967e+00
5.1184960e+00
5.0250241e+00
4.8754609e+00
4.9164176e+00
4.5995663e+00
4.3415703e+00
4.6649998e+00
4.2093404e+00
4.4757707e+00
4.1076553e+00
4.2145064e+00
4.3970130e+00
4.7910445e+00
5.1456605e+00
4.7651185e+00
4.7160646e+00
5.1371391e+00
5.1667078e+00
5.1427037e+00
5.1213358e+00
5.4653568e+00
5.8403326e+00
6.0215277e+00
6.4439632e+00
6.2642316e+00
6.2356272e+00
6.1809124e+00
6.5883421e+00
6.1524720e+00
5.6904035e+00
5.7752593e+00
5.9021065e+00
6.3677148e+00
6.5819505e+00
6.2608215e+00
6.3264781e+00
6.6440790e+00
6.7928253e+00
6.6696998e+00
6.1778890e+00
5.9910778e+00
5.7571642e+00
5.6872556e+00
5.8560059e+00
5.8480735e+00
6.2979394e+00
6.1522352e+00
5.7199093e+00
5.2300444e+00
4.8218970e+00
4.9745509e+00
5.2021997e+00
5.2139453e+00
5.4236982e+00
5.3108488e+00
5.1305566e+00
5.5640124e+00
5.3107666e+00
5.2458187e+00
5.4131322e+00
5.1612483e+00
5.6414021e+00
5.9700166e+00
6.0093350e+00
5.8659745e+00
5.6354555e+00
5.1562118e+00
5.5727476e+00
5.3046710e+00
5.5166072e+00
5.1072714e+00
5.0998489e+00
5.0857294e+00
5.3337957e+00
5.0363486e+00
5.3545259e+00
5.4102504e+00
5.8752707e+00
6.1733701e+00
6.6660725e+00
6.2085547e+00
5.7618565e+00
6.1793590e+00
5.6854136e+00
5.1886532e+00
5.6538497e+00
5.2107588e+00
5.1414544e+00
5.0158718e+00
5.5101152e+00
5.4238916e+00
5.2775746e+00
5.3906717e+00
5.2312766e+00
5.6727887e+00
5.6423503e+00
5.7407636e+00
6.0718909e+00
5.6681023e+00
5.2288377e+00
5.0418570e+00
4.9420337e+00
4.7090850e+00
5.0807149e+00
4.7354301e+00
4.9932423e+00
5.1591597e+00
4.8296634e+00
4.8338868e+00
4.6701666e+00
4.9278983e+00
5.0668372e+00
5.2712006e+00
5.4589549e+00
5.1593074e+00
5.5397856e+00
5.6417839e+00
5.7029338e+00
5.5702944e+00
5.6111243e+00
5.7422593e+00
5.8421999e+00
5.5807152e+00
5.7963729e+00
5.9302153e+00
5.7019340e+00
6.1581179e+00
6.4718747e+00
6.4309024e+00
6.1285192e+00
6.1557638e+00
5.7175627e+00
6.1022710e+00
6.4342481e+00
6.8592450e+00
7.3103747e+00
7.1840252e+00
7.5705612e+00
7.8558708e+00
7.8101580e+00
7.5301605e+00
7.7162857e+00
7.9795691e+00
7.4838093e+00
7.5505665e+00
7.5238462e+00
7.3511384e+00
7.5243138e+00
7.3424887e+00
6.9427127e+00
7.4279492e+00
7.1524028e+00
7.3562654e+00
7.4013127e+00
7.5661530e+00
7.8018936e+00
8.1165186e+00
8.0049490e+00
8.4466679e+00
8.3052560e+00
8.7478580e+00
9.1818448e+00
8.8951568e+00
9.0271628e+00
9.5080186e+00
9.4647847e+00
9.0385670e+00
9.0654260e+00
9.1322910e+00
8.7152350e+00
9.1440173e+00
9.6310408e+00
9.5701919e+00
9.4691801e+00
9.2119165e+00
9.1678654e+00
8.9583623e+00
9.3735711e+00
9.3408561e+00
9.5822387e+00
9.7126633e+00
9.8109472e+00
1.0013171e+01
1.0434713e+01
1.0548988e+01
1.0368367e+01
1.0576343e+01
1.0295233e+01
1.0145341e+01
1.0500334e+01
1.0224664e+01
1.0508025e+01
1.0340514e+01
1.0021197e+01
1.0210135e+01
1.0413818e+01
9.9499007e+00
1.0246173e+01
9.8856852e+00
9.4840614e+00
9.1994019e+00
9.5896657e+00
9.8816449e+00
9.5806461e+00
9.9041403e+00
1.0237319e+01
1.0060787e+01
1.0385951e+01
1.0673574e+01
1.0177586e+01
1.0330216e+01
1.0316291e+01
1.0357570e+01
9.8926441e+00
9.4330245e+00
9.5586968e+00
1.0005469e+01
1.0135249e+01
9.6650054e+00
9.9722815e+00
9.6896825e+00
9.7934090e+00
9.7989840e+00
1.0017560e+01
1.0312876e+01
1.0214688e+01
9.7391441e+00
9.2982170e+00
9.5390101e+00
1.0019977e+01
1.0043099e+01
1.0317376e+01
1.0364207e+01
1.0266174e+01
1.0062898e+01
1.0134670e+01
1.0523182e+01
1.0276418e+01
1.0016809e+01
1.0372500e+01
1.0754276e+01
1.0277840e+01
1.0432608e+01
1.0648733e+01
1.0907546e+01
1.0759650e+01
1.0662634e+01
1.1015938e+01
1.0865174e+01
1.1109384e+01
1.1021115e+01
1.0897461e+01
1.0819821e+01
1.1157064e+01
1.1484518e+01
1.1209476e+01
1.1446579e+01
1.1256707e+01
1.0936276e+01
1.1368815e+01
1.1103239e+01
1.1278199e+01
1.1365060e+01
1.1603420e+01
1.1681284e+01
1.1759560e+01
1.1602606e+01
1.1808099e+01
1.1882747e+01
1.2205811e+01
1.2394074e+01
1.2357817e+01
1.2100823e+01
1.2532791e+01
1.2933369e+01
1.2572307e+01
1.2518987e+01
1.2175097e+01
1.1770619e+01
1.1933939e+01
1.2279078e+01
1.2266525e+01
1.2491546e+01
1.2044465e+01
1.1612689e+01
1.1200345e+01
1.1111150e+01
1.1526092e+01
1.1698255e+01
1.1731653e+01
1.1683010e+01
1.1530168e+01
1.1351155e+01
1.1164350e+01
1.1617857e+01
1.2048211e+01
1.1696735e+01
1.1987771e+01
1.2347946e+01
1.1965119e+01
1.2228763e+01
1.2574040e+01
1.2409773e+01
1.2432948e+01
1.2794982e+01
1.2773924e+01
1.2650271e+01
1.2848974e+01
1.2539017e+01
1.2592690e+01
1.3001779e+01
1.2711351e+01
1.2495680e+01
1.2033928e+01
1.2002755e+01
1.2154122e+01
1.2111340e+01
1.2154673e+01
1.2116764e+01
1.2272268e+01
1.2243706e+01
1.1947984e+01
1.1523826e+01
1.1698899e+01
1.1223444e+01
1.1345671e+01
1.1300893e+01
1.1456568e+01
1.1932957e+01
1.1992306e+01
1.2181920e+01
1.2219438e+01
1.2282746e+01
1.2376661e+01
1.2194328e+01
1.1915236e+01
1.1799241e+01
1.2138675e+01
1.2361278e+01
1.2356390e+01
1.2745024e+01
1.2920809e+01
1.3258078e+01
1.3657372e+01
1.4126072e+01
1.3923083e+01
1.4420901e+01
1.4862354e+01
1.4989564e+01
1.5240666e+01
1.5133999e+01
1.5267200e+01
1.5762691e+01
1.5680946e+01
1.5338698e+01
1.5678312e+01
1.6148141e+01
1.5934722e+01
1.5753863e+01
1.6152836e+01
1.5706664e+01
1.5836176e+01
1.5502371e+01
1.5407104e+01
1.5385697e+01
1.5421979e+01
1.5013830e+01
1.5461145e+01
1.5869910e+01
1.6276173e+01
1.6268114e+01
1.5956751e+01
1.6253873e+01
1.5895140e+01
1.5487800e+01
1.5775300e+01
1.5971420e+01
1.5818673e+01
1.6211351e+01
1.6019551e+01
1.6488036e+01
1.6193235e+01
1.6290673e+01
1.6397442e+01
1.6505702e+01
1.6495883e+01
1.6778302e+01
1.6732990e+01
1.7181840e+01
1.7126459e+01
1.6808387e+01
1.6725156e+01
1.6974337e+01
1.7034154e+01
1.6586901e+01
1.6835027e+01
1.7084206e+01
1.7475020e+01
1.7162613e+01
1.6752972e+01
1.6879538e+01
1.7360694e+01
1.7765708e+01
1.7571752e+01
1.8005762e+01
1.8208536e+01
1.8522730e+01
1.8784686e+01
1.8603061e+01
1.8151034e+01
1.8342636e+01
1.8391467e+01
1.8058132e+01
1.7587573e+01
1.7634141e+01
1.7966176e+01
1.7804901e+01
1.8017294e+01
1.8305133e+01
1.8448132e+01
1.8455445e+01
1.8536407e+01
1.8725921e+01
1.8244899e+01
1.8425465e+01
1.8425615e+01
1.8688507e+01
1.8741113e+01
1.9193796e+01
1.8826292e+01
1.8925463e+01
1.8657579e+01
1.8293960e+01
1.8494191e+01
1.8616378e+01
1.8750699e+01
1.9167204e+01
1.9627720e+01
2.0087840e+01
2.0516715e+01
2.0957030e+01
2.1386575e+01
2.1233971e+01
2.1355461e+01
2.1804431e+01
2.1610124e+01
2.1594276e+01
2.1601647e+01
2.2062163e+01
2.2408107e+01
2.1975944e+01
2.1753712e+01
2.2181316e+01
2.2454309e+01
2.2105498e+01
2.1955167e+01
2.1739215e+01
2.2219221e+01
2.2624538e+01
2.2653195e+01
2.2175954e+01
2.2131149e+01
2.2441571e+01
2.2563648e+01
2.2206907e+01
2.2668751e+01
2.2686189e+01
2.3183162e+01
2.3565660e+01
2.3528817e+01
2.3669341e+01
2.3880358e+01
2.4371342e+01
2.4643927e+01
2.4893842e+01
2.4731358e+01
2.4273976e+01
2.3833340e+01
2.3492609e+01
2.3975929e+01
2.3625642e+01
2.3413520e+01
2.3738182e+01
2.3911992e+01
2.4228415e+01
2.3797749e+01
2.3636096e+01
2.4069298e+01
2.4058604e+01
2.3936091e+01
2.3549491e+01
2.3071245e+01
2.3564288e+01
2.3750067e+01
2.3514518e+01
2.4011007e+01
2.3957078e+01
2.3739675e+01
2.3927050e+01
2.4383727e+01
2.3900788e+01
2.3637141e+01
2.3330235e+01
2.3608417e+01
2.3198085e+01
2.3451802e+01
2.3287310e+01
2.3547354e+01
2.3609555e+01
2.3413641e+01
2.3289698e+01
2.2837757e+01
2.2590562e+01
2.2117767e+01
2.1733012e+01
2.2071696e+01
2.1758343e+01
2.1818937e+01
2.1994599e+01
2.1698625e+01
2.1485563e+01
2.1350163e+01
2.1845793e+01
2.1445585e+01
2.1799613e+01
2.1746721e+01
2.2228825e+01
2.2031740e+01
2.1936553e+01
2.1995467e+01
2.1829985e+01
2.1982448e+01
2.1542065e+01
2.1344727e+01
2.1164621e+01
2.0941736e+01
2.0505683e+01
2.0530007e+01
2.0839448e+01
2.1094970e+01
2.1114759e+01
2.1535718e+01
2.1993534e+01
2.2334915e+01
2.2786702e+01
2.2489710e+01
2.2179628e+01
2.2610033e+01
2.3019316e+01
2.3107864e+01
2.3560103e+01
2.3119853e+01
2.2798797e+01
2.2773262e+01
2.3242614e+01
2.3224965e+01
2.2885995e+01
2.2714427e+01
2.3079012e+01
2.3407390e+01
2.3801208e+01
2.3650681e+01
2.3477578e+01
2.3793257e+01
2.3333148e+01
2.3209533e+01
2.2875675e+01
2.3046804e+01
2.2915871e+01
2.2960262e+01
2.2968930e+01
2.2948485e+01
2.3168306e+01
2.2945615e+01
2.2967950e+01
2.3175288e+01
2.3583354e+01
2.3354383e+01
2.3179063e+01
2.3601155e+01
2.4064848e+01
2.3867885e+01
2.3903541e+01
2.3560643e+01
2.3481432e+01
2.3121278e+01
2.3286909e+01
2.3739620e+01
2.4029992e+01
2.4463114e+01
2.4949133e+01
2.4924778e+01
2.5058049e+01
2.5377419e+01
2.5238897e+01
2.5102642e+01
2.5222769e+01
2.5587245e+01
2.5809831e+01
2.5709171e+01
2.6076011e+01
2.5622143e+01
2.5733809e+01
2.5569684e+01
2.5534515e+01
2.5349416e+01
2.5074234e+01
2.5344895e+01
2.5537030e+01
2.6010412e+01
2.6048536e+01
2.6541655e+01
2.6818868e+01
2.7061759e+01
2.6789926e+01
2.6362010e+01
2.6736632e+01
2.7124170e+01
2.6865891e+01
2.7224036e+01
2.6798588e+01
2.7285173e+01
2.6968410e+01
2.7325401e+01
2.7535196e+01
2.7641925e+01
2.7876654e+01
2.8212580e+01
2.8057788e+01
2.7986311e+01
2.8406610e+01
2.8706805e+01
2.9012598e+01
2.9261114e+01
2.9099352e+01
2.8639486e+01
2.8216510e+01
2.8094055e+01
2.8177154e+01
2.8022716e+01
2.8334648e+01
2.8596931e+01
2.8447613e+01
2.8545380e+01
2.8529860e+01
2.8616856e+01
2.8748764e+01
2.8826368e+01
2.8964218e+01
2.9360116e+01
2.9526035e+01
2.9633772e+01
2.9164218e+01
2.9348658e+01
2.8887299e+01
2.8482692e+01
2.8969074e+01
2.9319032e+01
2.9488221e+01
2.9008927e+01
2.9388604e+01
2.9451615e+01
2.9329693e+01
2.9766240e+01
2.9364283e+01
2.9550989e+01
3.0043641e+01
3.0043676e+01
3.0382938e+01
2.9936827e+01
2.9776310e+01
2.9364213e+01
2.9570659e+01
2.9458682e+01
2.9897980e+01
2.9665206e+01
2.9405294e+01
2.9397785e+01
2.9875389e+01
2.9559505e+01
2.9087656e+01
2.8797763e+01
2.8502452e+01
2.8783492e+01
2.9182108e+01
2.9621784e+01
2.9451672e+01
2.9181788e+01
2.8940265e+01
2.8736437e+01
2.8402220e+01
2.8380794e+01
2.8144680e+01
2.7886133e+01
2.7439497e+01
2.7185338e+01
2.7108933e+01
2.7597183e+01
2.7872625e+01
2.7968612e+01
2.7483181e+01
2.7501792e+01
2.7288083e+01
2.7295760e+01
2.7201716e+01
2.7319185e+01
2.7135201e+01
2.6636137e+01
2.6634407e+01
2.6963989e+01
2.7302295e+01
2.7369894e+01
2.7504233e+01
2.7481634e+01
2.7393889e+01
2.6919261e+01
2.6973391e+01
2.7013847e+01
2.6537287e+01
2.6769212e+01
2.7044508e+01
2.7318249e+01
2.7386195e+01
2.6961267e+01
2.6745051e+01
2.7109733e+01
2.7013178e+01
2.7113528e+01
2.6765807e+01
2.7180957e+01
2.6772010e+01
2.7062678e+01
2.7549015e+01
2.7194629e+01
2.7159968e+01
2.7257535e+01
2.7231190e+01
2.7586187e+01
2.8012450e+01
2.7696126e+01
2.7504923e+01
2.7883716e+01
2.7959843e+01
2.7677834e+01
2.8021042e+01
2.7696065e+01
2.8067933e+01
2.7674101e+01
2.7471252e+01
2.7689738e+01
2.7293391e+01
2.7045355e+01
2.7380859e+01
2.7236334e+01
2.7136088e+01
2.6671345e+01
2.6188054e+01
2.6135598e+01
2.6389918e+01
2.6386165e+01
2.6533960e+01
2.6067972e+01
2.5685411e+01
2.5613548e+01
2.5822063e+01
2.5979142e+01
2.6249166e+01
2.6078579e+01
2.6418942e+01
2.5951372e+01
2.6038060e+01
2.6022901e+01
2.5866790e+01
2.5772790e+01
2.5706833e+01
2.5362717e+01
2.5023651e+01
2.5354684e+01
2.5488715e+01
2.5030448e+01
2.4603454e+01
2.4497738e+01
2.4224270e+01
2.4003029e+01
2.4318571e+01
2.4282345e+01
2.4128417e+01
2.4375935e+01
2.4422945e+01
2.4114059e+01
2.3861862e+01
2.3782685e+01
2.4028344e+01
2.4503867e+01
2.4870521e+01
2.4375738e+01
2.4856278e+01
2.4549642e+01
2.4638043e+01
2.4716137e+01
2.4435275e+01
2.4060059e+01
2.3897994e+01
2.3508538e+01
2.3205452e+01
2.2754586e+01
2.3056725e+01
2.2905967e+01
2.3286442e+01
2.3397087e+01
2.2978995e+01
2.3010525e+01
2.3353333e+01
2.3138444e+01
2.3001022e+01
2.3368581e+01
2.3233147e+01
2.3408874e+01
2.3333053e+01
2.3078251e+01
2.3223012e+01
2.2822474e+01
2.2383873e+01
2.1898213e+01
2.2183614e+01
2.1782493e+01
2.1580165e+01
2.1291493e+01
2.1342850e+01
2.1433687e+01
2.1344077e+01
2.1497861e+01
2.1634576e+01
2.1229548e+01
2.1004209e+01
2.1449202e+01
2.1082280e+01
2.1474834e+01
2.1912025e+01
2.1841974e+01
2.1646607e+01
2.1267341e+01
2.1109076e+01
2.1373457e+01
2.1315164e+01
2.0856790e+01
2.1093031e+01
2.0709900e+01
2.0403224e+01
2.0628470e+01
2.0230760e+01
2.0550229e+01
2.0257666e+01
1.9830933e+01
1.9550389e+01
1.9115541e+01
1.9261954e+01
1.9009948e+01
1.9228312e+01
1.9667862e+01
1.9691337e+01
2.0057462e+01
1.9560152e+01
1.9086596e+01
1.8814999e+01
1.9072701e+01
1.9324501e+01
1.9643873e+01
2.0000097e+01
2.0283100e+01
2.0242406e+01
2.0095080e+01
1.9836830e+01
1.9711469e+01
1.9713145e+01
1.9872917e+01
2.0202753e+01
2.0691398e+01
2.0245830e+01
2.0167895e+01
2.0218651e+01
1.9878120e+01
1.9667085e+01
1.9261655e+01
1.9402070e+01
1.9269881e+01
1.9646602e+01
1.9461364e+01
1.9810340e+01
1.9647255e+01
1.9157733e+01
1.8935210e+01
1.9089497e+01
1.9144746e+01
1.9041048e+01
1.8726903e+01
1.8912225e+01
1.9245191e+01
1.8769464e+01
1.9096266e+01
1.9058319e+01
1.8699389e+01
1.8429071e+01
1.8837593e+01
1.8541614e+01
1.8693040e+01
1.8780927e+01
1.8829509e+01
1.8503297e+01
1.9001038e+01
1.8967491e+01
1.8763960e+01
1.9094091e+01
1.9077384e+01
1.8585061e+01
1.8404047e+01
1.7909649e+01
1.8158199e+01
1.8583783e+01
1.9070672e+01
1.9173454e+01
1.9300765e+01
1.8832213e+01
1.9154104e+01
1.9265871e+01
1.9183702e+01
1.9350200e+01
1.9770187e+01
2.0204494e+01
1.9766756e+01
1.9590228e+01
1.9646921e+01
1.9769945e+01
1.9295601e+01
1.9338829e+01
1.9829200e+01
2.0128083e+01
2.0065083e+01
1.9748870e+01
1.9350439e+01
1.9783033e+01
1.9962661e+01
1.9481927e+01
1.9638889e+01
1.9475267e+01
1.9093309e+01
1.9134023e+01
1.9291394e+01
1.9001219e+01
1.9236241e+01
1.9053771e+01
1.9136815e+01
1.8775585e+01
1.8828922e+01
1.8674133e+01
1.9171776e+01
1.8757672e+01
1.8403302e+01
1.8453415e+01
1.8257515e+01
1.8627488e+01
1.8346948e+01
1.8350173e+01
1.7993820e+01
1.7684783e+01
1.7435972e+01
1.7905016e+01
1.8397499e+01
1.8398844e+01
1.7970862e+01
1.8252351e+01
1.8626360e+01
1.8610488e+01
1.8614323e+01
1.8911549e+01
1.8727891e+01
1.8733653e+01
1.9233588e+01
1.9410693e+01
1.9516200e+01
1.9103482e+01
1.9102026e+01
1.9283989e+01
1.9334150e+01
1.9693990e+01
1.9714237e+01
1.9906725e+01
1.9574462e+01
2.0017346e+01
2.0255589e+01
1.9808833e+01
1.9826842e+01
1.9351075e+01
1.9795761e+01
1.9383280e+01
1.9712070e+01
1.9986495e+01
2.0172180e+01
1.9867996e+01
2.0221504e+01
1.9991694e+01
1.9690407e+01
1.9789995e+01
2.0209942e+01
1.9772954e+01
1.9395858e+01
1.9429770e+01
1.9383715e+01
1.8888561e+01
1.8795063e+01
1.9152904e+01
1.9444905e+01
1.9087095e+01
1.9438748e+01
1.9288989e+01
1.9071631e+01
1.8845776e+01
1.8605912e+01
1.8622479e+01
1.8189409e+01
1.8113872e+01
1.8008330e+01
1.8500264e+01
1.8504859e+01
1.8514554e+01
1.8329253e+01
1.8512016e+01
1.8403956e+01
1.8085217e+01
1.8398854e+01
1.8872611e+01
1.8581252e+01
1.8163459e+01
1.8060920e+01
1.8013871e+01
1.8398575e+01
1.8638802e+01
1.8274495e+01
1.8448778e+01
1.8009683e+01
1.7910387e+01
1.8266247e+01
1.8393103e+01
1.8800232e+01
1.9235738e+01
1.9394664e+01
1.9417088e+01
1.9222318e+01
1.9518545e+01
1.9609959e+01
1.9774968e+01
1.9287518e+01
1.8875363e+01
1.8550606e+01
1.8306186e+01
1.7981786e+01
1.8014060e+01
1.8172863e+01
1.8475980e+01
1.8667575e+01
1.8763495e+01
1.8917948e+01
1.9409365e+01
1.9362050e+01
1.9360963e+01
1.9638253e+01
1.9531411e+01
1.9665097e+01
1.9166517e+01
1.9155701e+01
1.9360950e+01
1.9408269e+01
1.9146250e+01
1.9345098e+01
1.8927869e+01
1.8484326e+01
1.8660753e+01
1.8511697e+01
1.8949232e+01
1.9295946e+01
1.9772138e+01
2.0224966e+01
1.9912459e+01
1.9923129e+01
1.9460967e+01
1.9474877e+01
1.9284790e+01
1.9400617e+01
1.9404484e+01
1.9798807e+01
1.9984999e+01
1.9605822e+01
1.9470828e+01
1.9687339e+01
1.9293872e+01
1.8951324e+01
1.8957348e+01
1.8625595e+01
1.9124363e+01
1.9548787e+01
1.9095275e+01
1.9024704e+01
1.8905636e+01
1.8410610e+01
1.8303684e+01
1.8567682e+01
1.8917614e+01
1.8630565e+01
1.8307187e+01
1.8601996e+01
1.8344394e+01
1.8640663e+01
1.9108667e+01
1.8957389e+01
1.8562068e+01
1.8984054e+01
1.8721890e+01
1.9015295e+01
1.8612963e+01
1.8874236e+01
1.8924598e+01
1.9188859e+01
1.8821097e+01
1.8519520e+01
1.8461013e+01
1.8214949e+01
1.7763260e+01
1.8046904e+01
1.8123861e+01
1.8281120e+01
1.8525020e+01
1.8492644e+01
1.8539935e+01
1.8141335e+01
1.8097809e+01
1.8562710e+01
1.8564958e+01
1.8920368e+01
1.9411704e+01
1.8923771e+01
1.8680159e+01
1.9049284e+01
1.8814326e+01
1.8779215e+01
1.8408938e+01
1.8793207e+01
1.9045511e+01
1.9541121e+01
1.9663978e+01
1.9619723e+01
1.9375600e+01
1.9115435e+01
1.9239393e+01
1.8881668e+01
1.9268608e+01
1.8952700e+01
1.9240751e+01
1.9541987e+01
1.9694316e+01
2.0069278e+01
2.0279539e+01
2.0222932e+01
1.9844753e+01
2.0343848e+01
2.0729990e+01
2.0747738e+01
2.0337510e+01
2.0793977e+01
2.1148985e+01
2.1480898e+01
2.1182156e+01
2.1205826e+01
2.0852408e+01
2.1175214e+01
2.1024404e+01
2.1489747e+01
2.1379093e+01
2.1689225e+01
2.1561787e+01
2.1139414e+01
2.1522204e+01
2.1944978e+01
2.1452198e+01
2.1769146e+01
2.1547214e+01
2.1674797e+01
2.1296786e+01
2.1564919e+01
2.2024999e+01
2.2515044e+01
2.2107104e+01
2.2195190e+01
2.1733663e+01
2.1271715e+01
2.0889450e+01
2.0509981e+01
2.0763137e+01
2.0823767e+01
2.0616894e+01
2.0943787e+01
2.0445734e+01
2.0821313e+01
2.0753215e+01
2.0648743e+01
2.0510332e+01
2.0188312e+01
2.0414284e+01
2.0127682e+01
1.9967758e+01
2.0033128e+01
1.9652389e+01
1.9404986e+01
1.9601076e+01
1.9558411e+01
1.9633562e+01
1.9898181e+01
1.9587148e+01
1.9174454e+01
1.8968628e+01
1.8711013e+01
1.9123338e+01
1.9213967e+01
1.9087131e+01
1.9299150e+01
1.8830231e+01
1.9160062e+01
1.9161072e+01
1.9105705e+01
1.9286418e+01
1.9597005e+01
1.9714761e+01
1.9986117e+01
2.0232277e+01
2.0688728e+01
2.0619180e+01
2.0997552e+01
2.1256279e+01
2.1196481e+01
2.1295689e+01
2.1357121e+01
2.1379591e+01
2.1379790e+01
2.1434467e+01
2.1300066e+01
2.1301073e+01
2.1361560e+01
2.1381295e+01
2.1358715e+01
2.1471735e+01
2.1760194e+01
2.1778940e+01
2.1403184e+01
2.0908635e+01
2.0607370e+01
2.0150996e+01
1.9704786e+01
1.9923577e+01
1.9658064e+01
1.9812425e+01
1.9873373e+01
1.9849326e+01
2.0145353e+01
1.9745644e+01
1.9846997e+01
1.9860479e+01
1.9515374e+01
1.9981787e+01
1.9602834e+01
1.9952378e+01
2.0135480e+01
2.0353828e+01
2.0132049e+01
2.0333291e+01
1.9966273e+01
2.0334148e+01
2.0398322e+01
1.9942761e+01
1.9478310e+01
1.9443604e+01
1.8952939e+01
1.9080040e+01
1.9534550e+01
1.9510450e+01
1.9159015e+01
1.9229107e+01
1.8983869e+01
1.8613664e+01
1.8368509e+01
1.8848195e+01
1.8539750e+01
1.8150058e+01
1.8216151e+01
1.7928045e+01
1.7570639e+01
1.7527429e+01
1.7384720e+01
1.7565418e+01
1.7342075e+01
1.7181961e+01
1.7483988e+01
1.7655886e+01
1.7754400e+01
1.7257330e+01
1.7720566e+01
1.7275280e+01
1.7226773e+01
1.6925908e+01
1.6452814e+01
1.6254279e+01
1.6035047e+01
1.6491604e+01
1.6520713e+01
1.6844503e+01
1.6912754e+01
1.6505758e+01
1.6156077e+01
1.6535696e+01
1.6928603e+01
1.6576080e+01
1.6757740e+01
1.6478107e+01
1.5994022e+01
1.5989843e+01
1.6414899e+01
1.6776999e+01
1.7231576e+01
1.7515010e+01
1.7815555e+01
1.7973967e+01
1.7529102e+01
1.7274009e+01
1.7449916e+01
1.7055456e+01
1.7262604e+01
1.7420793e+01
1.7390730e+01
1.7705129e+01
1.7670490e+01
1.7272910e+01
1.7441185e+01
1.7627429e+01
1.7528795e+01
1.7222164e+01
1.7314756e+01
1.6873751e+01
1.7096977e+01
1.7262870e+01
1.6875760e+01
1.6643407e+01
1.6877252e+01
1.6713824e+01
1.6392638e+01
1.6862420e+01
1.6958602e+01
1.7061448e+01
1.7423220e+01
1.7464039e+01
1.7025200e+01
1.6548976e+01
1.6142955e+01
1.6331963e+01
1.6767390e+01
1.6555594e+01
1.6074018e+01
1.6291196e+01
1.6453363e+01
1.6510452e+01
1.6096425e+01
1.5988431e+01
1.5634366e+01
1.5194872e+01
1.4945358e+01
1.5003793e+01
1.5250079e+01
1.5675600e+01
1.5820154e+01
1.6202986e+01
1.6169219e+01
1.6464368e+01
1.6664612e+01
1.6975781e+01
1.6653977e+01
1.6300088e+01
1.6649240e+01
1.6902830e+01
1.6810224e+01
1.6647060e+01
1.7008722e+01
1.7365320e+01
1.6911721e+01
1.7104546e+01
1.6943881e+01
1.6620466e+01
1.6393400e+01
1.6199045e+01
1.6069774e+01
1.6088847e+01
1.5593512e+01
1.5303326e+01
1.4939844e+01
1.4987056e+01
1.5236429e+01
1.5039614e+01
1.4980739e+01
1.4693767e+01
1.4310817e+01
1.3853905e+01
1.3863937e+01
1.3874128e+01
1.3394006e+01
1.3137259e+01
1.3625386e+01
1.3141306e+01
1.3168089e+01
1.3340586e+01
1.3555225e+01
1.3407909e+01
1.3798480e+01
1.4012006e+01
1.4081772e+01
1.4451505e+01
1.4850713e+01
1.4789265e+01
1.5085699e+01
1.5163261e+01
1.4972902e+01
1.5195913e+01
1.5379867e+01
1.5690211e+01
1.5897873e+01
1.5466460e+01
1.5452848e+01
1.5535390e+01
1.5930940e+01
1.5714098e+01
1.5305428e+01
1.5445074e+01
1.5559077e+01
1.6037865e+01
1.5715669e+01
1.5656650e+01
1.5514040e+01
1.5268984e+01
1.5223935e+01
1.5017944e+01
1.4526131e+01
1.4756771e+01
1.4660421e+01
1.5135749e+01
1.5231034e+01
1.5639273e+01
1.6107824e+01
1.5909488e+01
1.5469682e+01
1.4987853e+01
1.5098018e+01
1.5533217e+01
1.5105935e+01
1.5163809e+01
1.5312426e+01
1.4865596e+01
1.4795438e+01
1.4419229e+01
1.4192072e+01
1.3952724e+01
1.4428852e+01
1.4358891e+01
1.3934458e+01
1.3843021e+01
1.4238369e+01
1.4139948e+01
1.4424192e+01
1.4355841e+01
1.4021332e+01
1.3554528e+01
1.3420132e+01
1.3858174e+01
1.3847546e+01
1.4203513e+01
1.4645309e+01
1.4523235e+01
1.4735734e+01
1.5090495e+01
1.4931168e+01
1.4549043e+01
1.4915696e+01
1.5334464e+01
1.5751046e+01
1.5279781e+01
1.5101426e+01
1.4910761e+01
1.4853043e+01
1.5143965e+01
1.5267581e+01
1.5572081e+01
1.5265361e+01
1.5135256e+01
1.5156933e+01
1.5246817e+01
1.5679747e+01
1.5196259e+01
1.5069355e+01
1.4921919e+01
1.4747893e+01
1.5212569e+01
1.4909754e+01
1.4725877e+01
1.4312777e+01
1.4005094e+01
1.3609631e+01
1.4061875e+01
1.3987836e+01
1.4170994e+01
1.3786734e+01
1.3926753e+01
1.4322878e+01
1.4423808e+01
1.4123467e+01
1.4351654e+01
1.4347197e+01
1.4111567e+01
1.3953323e+01
1.4330362e+01
1.4572941e+01
1.4436595e+01
1.4310283e+01
1.4616120e+01
1.4969940e+01
1.4613437e+01
1.4448265e+01
1.3993347e+01
1.4109426e+01
1.4261784e+01
1.3769712e+01
1.3617350e+01
1.3573649e+01
1.3137454e+01
1.2642021e+01
1.2206753e+01
1.1901194e+01
1.2102050e+01
1.1946003e+01
1.2282142e+01
1.1988241e+01
1.1889208e+01
1.1488248e+01
1.1444190e+01
1.1755331e+01
1.2197934e+01
1.2535007e+01
1.2292608e+01
1.1861728e+01
1.2041002e+01
1.2004728e+01
1.2193255e+01
1.2330336e+01
1.2089190e+01
1.1993123e+01
1.2262407e+01
1.2647923e+01
1.2711669e+01
1.2363021e+01
1.1877110e+01
1.1799406e+01
1.2273620e+01
1.2753885e+01
1.2799352e+01
1.3277499e+01
1.2951061e+01
1.2907186e+01
1.2558232e+01
1.2229323e+01
1.2039792e+01
1.2438471e+01
1.2358923e+01
1.2122016e+01
1.2449288e+01
1.2447094e+01
1.2218762e+01
1.2172683e+01
1.2426422e+01
1.2074994e+01
1.1625631e+01
1.1737362e+01
1.2075261e+01
1.1974521e+01
1.1666629e+01
1.1277989e+01
1.1036935e+01
1.0578849e+01
1.0635869e+01
1.0704085e+01
1.0448294e+01
1.0500395e+01
1.0366427e+01
1.0439704e+01
1.0331240e+01
1.0169374e+01
1.0301017e+01
1.0340342e+01
1.0486463e+01
1.0735370e+01
1.1160917e+01
1.1562819e+01
1.1284808e+01
1.1392176e+01
1.1195327e+01
1.0915662e+01
1.1220733e+01
1.1276989e+01
1.1602240e+01
1.1805810e+01
1.1880192e+01
1.2153459e+01
1.2401882e+01
1.2078844e+01
1.1893504e+01
1.1416770e+01
1.1171483e+01
1.1351616e+01
1.1789127e+01
1.1767353e+01
1.1731541e+01
1.1248636e+01
1.0987864e+01
1.1106052e+01
1.0763094e+01
1.0370875e+01
9.9742099e+00
9.4885321e+00
9.5030322e+00
9.1926667e+00
9.5516078e+00
9.2290105e+00
9.3787801e+00
9.8270242e+00
9.8438851e+00
9.4706552e+00
9.2630786e+00
9.5402413e+00
9.6958346e+00
1.0088305e+01
1.0271506e+01
1.0109067e+01
9.8536851e+00
9.9608238e+00
9.5101899e+00
9.2078433e+00
9.6475538e+00
1.0126245e+01
9.8653485e+00
9.8694047e+00
9.7491602e+00
9.3999880e+00
9.0572757e+00
9.5264849e+00
9.7293878e+00
9.2867208e+00
9.2985605e+00
9.6625707e+00
1.0131272e+01
9.9922867e+00
9.6857827e+00
9.7548578e+00
1.0199173e+01
1.0398251e+01
1.0837434e+01
1.0435641e+01
1.0920251e+01
1.0470831e+01
1.0787720e+01
1.0304749e+01
1.0006778e+01
1.0389781e+01
1.0862662e+01
1.0805782e+01
1.1104918e+01
1.1582113e+01
1.1955482e+01
1.1892772e+01
1.2249213e+01
1.2359536e+01
1.1868156e+01
1.1824051e+01
1.1625639e+01
1.2024414e+01
1.1861180e+01
1.1385967e+01
1.1314281e+01
1.1553134e+01
1.1393974e+01
1.1599832e+01
1.1734122e+01
1.1862908e+01
1.1832796e+01
1.1796550e+01
1.1539150e+01
1.1452050e+01
1.1318432e+01
1.1180005e+01
1.1099394e+01
1.1594640e+01
1.1610888e+01
1.1407913e+01
1.1743861e+01
1.1744418e+01
1.1722174e+01
1.1978398e+01
1.1932069e+01
1.1542888e+01
1.1617070e+01
1.1768402e+01
1.1575734e+01
1.1162425e+01
1.1461941e+01
1.1767331e+01
1.1827877e+01
1.2052479e+01
1.2420994e+01
1.2106013e+01
1.2272419e+01
1.2705053e+01
1.2370078e+01
1.1945939e+01
1.1842830e+01
1.2073913e+01
1.2180713e+01
1.1843115e+01
1.1795716e+01
1.1903350e+01
1.1971939e+01
1.2051142e+01
1.1593307e+01
1.1530534e+01
1.1699018e+01
1.1929277e+01
1.2032360e+01
1.2477233e+01
1.2881154e+01
1.2694321e+01
1.2451001e+01
1.2352648e+01
1.2373324e+01
1.2454930e+01
1.2741616e+01
1.2538797e+01
1.2507479e+01
1.2171758e+01
1.1877321e+01
1.2365087e+01
1.2405891e+01
1.2192420e+01
1.1759396e+01
1.1797392e+01
1.2115690e+01
1.1837459e+01
1.1563046e+01
1.2042859e+01
1.1727653e+01
1.2016097e+01
1.2303667e+01
1.2208400e+01
1.2193457e+01
1.2366429e+01
1.2167027e+01
1.1803021e+01
1.1539067e+01
1.2035752e+01
1.2217659e+01
1.2321586e+01
1.2172845e+01
1.2378529e+01
1.2488063e+01
1.2006876e+01
1.2403111e+01
1.2791402e+01
1.2900494e+01
1.2723786e+01
1.2826081e+01
1.2402206e+01
1.1985566e+01
1.2426953e+01
1.2282550e+01
1.2584992e+01
1.2616148e+01
1.2178496e+01
1.2225212e+01
1.2588298e+01
1.2719902e+01
1.2341619e+01
1.2182702e+01
1.1775739e+01
1.1772726e+01
1.2087344e+01
1.1804875e+01
1.1960789e+01
1.1639832e+01
1.1265002e+01
1.1725616e+01
1.1429033e+01
1.1012767e+01
1.1254021e+01
1.1400787e+01
1.1734232e+01
1.1427570e+01
1.1652503e+01
1.2148815e+01
1.2251077e+01
1.2152422e+01
1.2276304e+01
1.2183848e+01
1.2454726e+01
1.2358287e+01
1.1956848e+01
1.2435895e+01
1.2305974e+01
1.2349849e+01
1.1900897e+01
1.1952724e+01
1.1870305e+01
1.1863811e+01
1.1978893e+01
1.2446862e+01
1.1978631e+01
1.2462219e+01
1.2354926e+01
1.2334004e+01
1.1960168e+01
1.2065679e+01
1.2097642e+01
1.2109736e+01
1.2316519e+01
1.1913950e+01
1.1874523e+01
1.2128302e+01
1.2463668e+01
1.2585222e+01
1.2416278e+01
1.2750094e+01
1.2347920e+01
1.1901322e+01
1.1981513e+01
1.2322028e+01
1.2067184e+01
1.2255509e+01
1.1817761e+01
1.1962247e+01
1.1980398e+01
1.2269195e+01
1.2054403e+01
1.2310596e+01
1.2598434e+01
1.2873229e+01
1.3146235e+01
1.3449916e+01
1.3421263e+01
1.3331430e+01
1.3111867e+01
1.2940359e+01
1.3265816e+01
1.3141535e+01
1.2675369e+01
1.3094239e+01
1.2847493e+01
1.3298512e+01
1.3553993e+01
1.3409187e+01
1.3849508e+01
1.3452193e+01
1.3108621e+01
1.2783124e+01
1.2837701e+01
1.2516586e+01
1.2345125e+01
1.2533984e+01
1.2126037e+01
1.1899476e+01
1.2285241e+01
1.2642046e+01
1.2225688e+01
1.1917277e+01
1.1576321e+01
1.1848981e+01
1.1949925e+01
1.1572009e+01
1.1855583e+01
1.1637914e+01
1.2086068e+01
1.1816464e+01
1.1650441e+01
1.1586346e+01
1.1345008e+01
1.1612721e+01
1.2086993e+01
1.2044759e+01
1.1899146e+01
1.1903452e+01
1.2351511e+01
1.2076837e+01
1.1982918e+01
1.2191934e+01
1.2562945e+01
1.2895736e+01
1.3093347e+01
1.2955044e+01
1.2536905e+01
1.2683818e+01
1.2505312e+01
1.2136774e+01
1.2184433e+01
1.1866232e+01
1.1400579e+01
1.1259714e+01
1.1056173e+01
1.0686453e+01
1.0878066e+01
1.0621207e+01
1.0901845e+01
1.0796812e+01
1.0845195e+01
1.1242508e+01
1.1152209e+01
1.1047999e+01
1.0565378e+01
1.1031751e+01
1.0840567e+01
1.0550309e+01
1.0986299e+01
1.0978848e+01
1.1159728e+01
1.1195108e+01
1.0943993e+01
1.0929244e+01
1.1177564e+01
1.0810780e+01
1.0317746e+01
1.0189763e+01
1.0531518e+01
1.0837609e+01
1.0497043e+01
1.0154118e+01
1.0620530e+01
1.1068353e+01
1.1404714e+01
1.0986365e+01
1.1434042e+01
1.1582279e+01
1.1996310e+01
1.1695758e+01
1.1870444e+01
1.1487563e+01
1.1897657e+01
1.1916629e+01
1.1492222e+01
1.1152114e+01
1.1481496e+01
1.1859646e+01
1.1788417e+01
1.1821289e+01
1.1373611e+01
1.0978095e+01
1.1402597e+01
1.1850321e+01
1.1999946e+01
1.1611781e+01
1.1128817e+01
1.1222224e+01
1.1236791e+01
1.0830069e+01
1.0384360e+01
1.0639868e+01
1.1106945e+01
1.1188385e+01
1.0906595e+01
1.0850089e+01
1.0528119e+01
1.0595148e+01
1.0341090e+01
1.0269575e+01
1.0299448e+01
9.9706395e+00
9.9085180e+00
9.4127582e+00
9.8186513e+00
9.6908093e+00
9.4010492e+00
9.3412048e+00
9.0698542e+00
9.3017736e+00
9.7063347e+00
1.0042160e+01
9.9622049e+00
1.0212349e+01
1.0267671e+01
9.8240518e+00
9.5795066e+00
9.4193273e+00
9.6166346e+00
9.1286375e+00
9.4647566e+00
9.6467313e+00
9.1808823e+00
9.5860194e+00
1.0066230e+01
9.9543161e+00
9.7586950e+00
9.3498652e+00
9.5392339e+00
9.3582321e+00
8.9097350e+00
9.2653367e+00
8.8000388e+00
9.2951536e+00
9.3029429e+00
9.0194525e+00
8.6450084e+00
8.3631180e+00
8.8077590e+00
8.4259511e+00
8.5096838e+00
8.3083943e+00
8.1627555e+00
7.7151082e+00
7.2373120e+00
7.6714015e+00
7.2713101e+00
7.2703118e+00
7.5837500e+00
7.3276157e+00
7.3033196e+00
7.7719775e+00
7.9114026e+00
8.1663280e+00
8.2658603e+00
8.5661518e+00
8.9133414e+00
8.4169480e+00
8.7286523e+00
8.8256486e+00
8.4363502e+00
8.7240912e+00
8.7451482e+00
9.2101637e+00
9.2501812e+00
9.7239323e+00
9.3321721e+00
9.4141193e+00
8.9806843e+00
9.4098306e+00
9.1476496e+00
8.6598933e+00
8.4067076e+00
8.5594224e+00
8.6533069e+00
8.3297782e+00
8.3927018e+00
8.3618817e+00
8.7022113e+00
8.9300087e+00
9.2487778e+00
9.5997013e+00
9.4757041e+00
9.3743035e+00
9.6064299e+00
9.9577601e+00
1.0409791e+01
1.0771864e+01
1.0312572e+01
1.0690055e+01
1.1030310e+01
1.0595914e+01
1.0590996e+01
1.0684980e+01
1.0457680e+01
1.0890338e+01
1.0953749e+01
1.1082965e+01
1.1055242e+01
1.1297431e+01
1.1750158e+01
1.2203373e+01
1.2449920e+01
1.2739818e+01
1.2483517e+01
1.2650667e+01
1.3106719e+01
1.3013538e+01
1.2695580e+01
1.2304321e+01
1.2440488e+01
1.1974208e+01
1.2365365e+01
1.2055272e+01
1.2462436e+01
1.2306251e+01
1.2342808e+01
1.1863820e+01
1.2135070e+01
1.1869857e+01
1.2217484e+01
1.2013168e+01
1.2402321e+01
1.2299356e+01
1.2549742e+01
1.2111845e+01
1.2560159e+01
1.2225069e+01
1.2533481e+01
1.3006061e+01
1.2847725e+01
1.3004160e+01
1.2654406e+01
1.2754467e+01
1.2584362e+01
1.2529237e+01
1.2536784e+01
1.3004373e+01
1.2911540e+01
1.2587692e+01
1.2718758e+01
1.2619979e+01
1.2207196e+01
1.2602472e+01
1.2925640e+01
1.3115357e+01
1.3444416e+01
1.3595238e+01
1.3537942e+01
1.3463275e+01
1.3643978e+01
1.4072815e+01
1.4018609e+01
1.4306698e+01
1.4549849e+01
1.5032847e+01
1.5076507e+01
1.4597532e+01
1.4801170e+01
1.4449308e+01
1.4222275e+01
1.4480291e+01
1.4926820e+01
1.4601691e+01
1.4888070e+01
1.4454404e+01
1.4680388e+01
1.4485957e+01
1.4428278e+01
1.4134610e+01
1.3867134e+01
1.3389050e+01
1.3802261e+01
1.4108977e+01
1.4276086e+01
1.4001583e+01
1.3843252e+01
1.3738030e+01
1.3523918e+01
1.3949875e+01
1.4197916e+01
1.3730108e+01
1.3337262e+01
1.3475391e+01
1.3906649e+01
1.3525510e+01
1.3838710e+01
1.4335845e+01
1.4770420e+01
1.5257622e+01
1.4816400e+01
1.4692317e+01
1.4250042e+01
1.4534888e+01
1.4938575e+01
1.4574042e+01
1.4257731e+01
1.4591155e+01
1.4213341e+01
1.4454283e+01
1.4023419e+01
1.4393837e+01
1.3937352e+01
1.3697145e+01
1.3333395e+01
1.3268909e+01
1.2783000e+01
1.2538073e+01
1.2655369e+01
1.2885731e+01
1.2386064e+01
1.2408780e+01
1.2225885e+01
1.1983257e+01
1.1762547e+01
1.1462764e+01
1.1455230e+01
1.1664849e+01
1.1451573e+01
1.1191864e+01
1.1419033e+01
1.1313239e+01
1.1195785e+01
1.0979626e+01
1.1174082e+01
1.1280204e+01
1.1548818e+01
1.1947941e+01
1.1873548e+01
1.2115626e+01
1.2116166e+01
1.2605210e+01
1.2230632e+01
1.2068034e+01
1.2039973e+01
1.1719700e+01
1.2063367e+01
1.1943700e+01
1.1976448e+01
1.2462463e+01
1.2861149e+01
1.2877558e+01
1.2900217e+01
1.2638002e+01
1.2835897e+01
1.2638343e+01
1.2468623e+01
1.2811766e+01
1.2565650e+01
1.2381798e+01
1.2257567e+01
1.2251644e+01
1.2727738e+01
1.2913035e+01
1.3359575e+01
1.3478127e+01
1.3384673e+01
1.2941950e+01
1.3239734e+01
1.3263252e+01
1.3261162e+01
1.2902164e+01
1.2854542e+01
1.2828219e+01
1.3128830e+01
1.3158359e+01
1.3284927e+01
1.3612599e+01
1.3547769e+01
1.3468616e+01
1.3073429e+01
1.3525122e+01
1.3756083e+01
1.3971091e+01
1.4164513e+01
1.4254977e+01
1.4744818e+01
1.5220192e+01
1.5305667e+01
1.4975571e+01
1.4481562e+01
1.4553628e+01
1.4575740e+01
1.4882899e+01
1.4578615e+01
1.4602266e+01
1.4325542e+01
1.4021521e+01
1.3969920e+01
1.3501495e+01
1.3328707e+01
1.2958069e+01
1.3147719e+01
1.2929150e+01
1.2782939e+01
1.3077783e+01
1.3431797e+01
1.3684371e+01
1.3761024e+01
1.3437641e+01
1.3557107e+01
1.3827451e+01
1.3763079e+01
1.3382851e+01
1.3373117e+01
1.3351232e+01
1.3526597e+01
1.3763462e+01
1.3782767e+01
1.3911587e+01
1.3486293e+01
1.3252830e+01
1.2918897e+01
1.2806364e+01
1.3257150e+01
1.3003435e+01
1.3354572e+01
1.3274251e+01
1.3688316e+01
1.3924366e+01
1.3962105e+01
1.3558444e+01
1.3755488e+01
1.3957204e+01
1.4212888e+01
1.3852375e+01
1.3892047e+01
1.3970646e+01
1.3562487e+01
1.3448481e+01
1.3356518e+01
1.2908014e+01
1.2746469e+01
1.2501541e+01
1.2733489e+01
1.2547711e+01
1.2523539e+01
1.2816943e+01
1.3233381e+01
1.3562906e+01
1.3253449e+01
1.3391065e+01
1.2930139e+01
1.3349457e+01
1.3093834e+01
1.3009161e+01
1.2901870e+01
1.3192781e+01
1.3355721e+01
1.3700986e+01
1.3772205e+01
1.3922464e+01
1.3635950e+01
1.3997546e+01
1.4189602e+01
1.4619038e+01
1.4798036e+01
1.4596104e+01
1.4246831e+01
1.4126105e+01
1.3747546e+01
1.3368444e+01
1.3492377e+01
1.3967595e+01
1.3995104e+01
1.4191770e+01
1.4529587e+01
1.4451314e+01
1.4147344e+01
1.4225647e+01
1.4467527e+01
1.4946820e+01
1.5398523e+01
1.5066082e+01
1.4778885e+01
1.4601947e+01
1.5027446e+01
1.4942477e+01
1.4789418e+01
1.4510039e+01
1.4382815e+01
1.4548453e+01
1.4256629e+01
1.4013867e+01
1.4129366e+01
1.4396419e+01
1.4402492e+01
1.4262170e+01
1.4298067e+01
1.4137994e+01
1.4518472e+01
1.4404198e+01
1.4113311e+01
1.4295564e+01
1.4541039e+01
1.5024162e+01
1.5281923e+01
1.4877850e+01
1.4829352e+01
1.4473105e+01
1.4719069e+01
1.4577333e+01
1.4692089e+01
1.4829783e+01
1.5026405e+01
1.5226298e+01
1.4819622e+01
1.4839122e+01
1.4948783e+01
1.5092984e+01
1.4769216e+01
1.4428876e+01
1.4091377e+01
1.4549102e+01
1.4099603e+01
1.3998567e+01
1.3527881e+01
1.3326730e+01
1.3697283e+01
1.3830312e+01
1.3703948e+01
1.3450178e+01
1.3755778e+01
1.3708819e+01
1.3732536e+01
1.3658765e+01
1.3456197e+01
1.3126672e+01
1.2798421e+01
1.2393255e+01
1.2824298e+01
1.2687856e+01
1.2869186e+01
1.3363559e+01
1.3547903e+01
1.3719923e+01
1.3654564e+01
1.4093804e+01
1.3788869e+01
1.3721086e+01
1.3260269e+01
1.3519221e+01
1.3282291e+01
1.3450822e+01
1.3516323e+01
1.3625552e+01
1.3495443e+01
1.3823355e+01
1.3831101e+01
1.3641741e+01
1.4084634e+01
1.3925498e+01
1.3975768e+01
1.4386839e+01
1.3887303e+01
1.3835671e+01
1.3833350e+01
1.3512995e+01
1.3947201e+01
1.3955416e+01
1.4247607e+01
1.4400522e+01
1.4773174e+01
1.4608159e+01
1.4634717e+01
1.4976275e+01
1.4605218e+01
1.4987321e+01
1.4520445e+01
1.4498997e+01
1.4967937e+01
1.4561773e+01
1.4452748e+01
1.4255892e+01
1.4607479e+01
1.4112495e+01
1.4313285e+01
1.4371765e+01
1.4381123e+01
1.3919896e+01
1.3557010e+01
1.3317639e+01
1.3474169e+01
1.3848502e+01
1.4108062e+01
1.4418510e+01
1.4716819e+01
1.4590422e+01
1.4224915e+01
1.4348325e+01
1.4255445e+01
1.4336540e+01
1.4340055e+01
1.4471043e+01
1.4084768e+01
1.4068357e+01
1.4252806e+01
1.4308414e+01
1.3883626e+01
1.4273358e+01
1.3875916e+01
1.3908139e+01
1.3578418e+01
1.3740196e+01
1.3522093e+01
1.3519123e+01
1.3306739e+01
1.3682399e+01
1.3938298e+01
1.3507342e+01
1.3680851e+01
1.3225636e+01
1.3159678e+01
1.2984470e+01
1.3058015e+01
1.3211852e+01
1.3386263e+01
1.3409366e+01
1.3570316e+01
1.3386778e+01
1.3836294e+01
1.4205522e+01
1.4615999e+01
1.4252026e+01
1.4540353e+01
1.4756894e+01
1.5107241e+01
1.5184452e+01
1.5334739e+01
1.5452651e+01
1.5097044e+01
1.5094412e+01
1.4596955e+01
1.4437131e+01
1.4496048e+01
1.4018486e+01
1.4275632e+01
1.4255925e+01
1.4498439e+01
1.4520761e+01
1.4236881e+01
1.3821235e+01
1.3596839e+01
1.3110623e+01
1.2702817e+01
1.2996398e+01
1.3213956e+01
1.3136694e+01
1.3450599e+01
1.3678635e+01
1.3972664e+01
1.4391849e+01
1.4877007e+01
1.5302416e+01
1.5131242e+01
1.5623768e+01
1.5325208e+01
1.5789144e+01
1.5810778e+01
1.5398964e+01
1.5881911e+01
1.5709543e+01
1.5248071e+01
1.4901230e+01
1.5317315e+01
1.5701877e+01
1.5531155e+01
1.5349160e+01
1.5036034e+01
1.5459052e+01
1.5219745e+01
1.5538131e+01
1.5156966e+01
1.5246797e+01
1.5203385e+01
1.5597184e+01
1.5680745e+01
1.5637871e+01
1.5882259e+01
1.5728330e+01
1.5309931e+01
1.5437999e+01
1.5190757e+01
1.4791916e+01
1.4704421e+01
1.4377559e+01
1.3892901e+01
1.4347571e+01
1.3862863e+01
1.3552702e+01
1.3859264e+01
1.4047034e+01
1.4516263e+01
1.4415754e+01
1.4723655e+01
1.4442328e+01
1.4695868e+01
1.4696147e+01
1.4866197e+01
1.5274313e+01
1.5218392e+01
1.5262184e+01
1.4843691e+01
1.4765303e+01
1.4615781e+01
1.4508730e+01
1.4054808e+01
1.3901744e+01
1.4369973e+01
1.4553931e+01
1.4579667e+01
1.4581789e+01
1.5000464e+01
1.4715455e+01
1.4456164e+01
1.4312127e+01
1.4141391e+01
1.3884286e+01
1.3410333e+01
1.3689940e+01
1.3563504e+01
1.3471742e+01
1.3174539e+01
1.3469697e+01
1.3277175e+01
1.3052765e+01
1.3266655e+01
1.2858264e+01
1.2991312e+01
1.3082261e+01
1.3227008e+01
1.2843959e+01
1.2913554e+01
1.3061456e+01
1.2786789e+01
1.2623084e+01
1.2151510e+01
1.2469069e+01
1.2004490e+01
1.2242093e+01
1.2650061e+01
1.2498623e+01
1.2464634e+01
1.2027832e+01
1.2237868e+01
1.2549645e+01
1.2258432e+01
1.2290444e+01
1.2760143e+01
1.2661635e+01
1.3045272e+01
1.3544259e+01
1.3815890e+01
1.3547892e+01
1.3639091e+01
1.3913135e+01
1.3850586e+01
1.3616770e+01
1.3188959e+01
1.3340071e+01
1.3489668e+01
1.3035792e+01
1.2675402e+01
1.2271235e+01
1.2695132e+01
1.2279758e+01
1.2456588e+01
1.2639840e+01
1.2657886e+01
1.3129761e+01
1.3603809e+01
1.3628863e+01
1.3182097e+01
1.3136458e+01
1.3099389e+01
1.3420402e+01
1.3882268e+01
1.4125696e+01
1.3699564e+01
1.3802355e+01
1.4037701e+01
1.3861788e+01
1.3434294e+01
1.3022999e+01
1.2926360e+01
1.2788801e+01
1.2569615e+01
1.2777595e+01
1.2646892e+01
1.2399619e+01
1.2394100e+01
1.1974678e+01
1.1813676e+01
1.1449326e+01
1.1584489e+01
1.1943962e+01
1.1737762e+01
1.1349271e+01
1.0970268e+01
1.0555619e+01
1.0601169e+01
1.0939319e+01
1.0946004e+01
1.1267958e+01
1.1529797e+01
1.1429020e+01
1.1497121e+01
1.1060267e+01
1.0724932e+01
1.1045680e+01
1.0672352e+01
1.0834591e+01
1.1301804e+01
1.1346608e+01
1.1809747e+01
1.1751631e+01
1.1677236e+01
1.2139676e+01
1.2624247e+01
1.3048397e+01
1.2809477e+01
1.2429138e+01
1.2485284e+01
1.2072104e+01
1.2494111e+01
1.2570276e+01
1.3035223e+01
1.3062090e+01
1.2712861e+01
1.2958195e+01
1.2947767e+01
1.2609809e+01
1.2419747e+01
1.2438426e+01
1.2596930e+01
1.2562588e+01
1.2446792e+01
1.1969269e+01
1.2242865e+01
1.1853668e+01
1.1648553e+01
1.1482840e+01
1.1200866e+01
1.0807438e+01
1.1114337e+01
1.1110114e+01
1.0944864e+01
1.0559195e+01
1.0373617e+01
1.0380379e+01
1.0659274e+01
1.1126042e+01
1.1394065e+01
1.1456597e+01
1.1944574e+01
1.1632027e+01
1.2068197e+01
1.2296417e+01
1.2644186e+01
1.2425896e+01
1.2058829e+01
1.2502615e+01
1.2412061e+01
1.2823647e+01
1.2731862e+01
1.3096075e+01
1.3493676e+01
1.3242406e+01
1.3164765e+01
1.3186475e+01
1.2821013e+01
1.3073118e+01
1.2709059e+01
1.2631372e+01
1.2386565e+01
1.2717629e+01
1.2965211e+01
1.2495486e+01
1.2713419e+01
1.2453546e+01
1.1967080e+01
1.2185230e+01
1.2078226e+01
1.2316129e+01
1.2235867e+01
1.2073599e+01
1.2150795e+01
1.2406982e+01
1.2015402e+01
1.2101204e+01
1.2021187e+01
1.1797216e+01
1.2009137e+01
1.1870498e+01
1.1616891e+01
1.1801112e+01
1.2213843e+01
1.2322150e+01
1.2074021e+01
1.2229659e+01
1.2113514e+01
1.2295459e+01
1.1824955e+01
1.2000876e+01
1.2480736e+01
1.2248964e+01
1.2058058e+01
1.1770428e+01
1.2219673e+01
1.2710638e+01
1.2940500e+01
1.2865419e+01
1.3129943e+01
1.2968046e+01
1.2904714e+01
1.2671367e+01
1.2587000e+01
1.2941070e+01
1.3222589e+01
1.3464955e+01
1.3463895e+01
1.3621023e+01
1.4104258e+01
1.4472672e+01
1.4397988e+01
1.4264887e+01
1.4004897e+01
1.4003107e+01
1.4337363e+01
1.4441085e+01
1.4217388e+01
1.3896015e+01
1.4351112e+01
1.4603998e+01
1.4891585e+01
1.4459896e+01
1.4900958e+01
1.5354528e+01
1.5457137e+01
1.5116564e+01
1.4825477e+01
1.5155079e+01
