468.1
473.82
468.05
471.65
460.68
459.16
460
466
462.8
468.47
469.84
478.69
475.75
472.83
455
450.41
442.67
445.11
437.02
447.47
462.69
459.22
458
452.57
450.1
443.07
447.86
446.14
443.25
445.74
445.3
455.66
461.43
460.55
463.58
461.87
464.75
462.31
457.77
464.16
472.35
471.3
472.82
467.22
466.44
464.5
468.45
468.46
473.75
471.1
474.5
490.52
480.16
478.61
480
478.1
480.3
479.23
472.19
468.65
466.22
470.12
472.15
466.4
466.3
467.04
461.83
465.48
461.8
462
472.46
472.03
469.53
473
480.82
475.15
479.7
485
484.5
500.56
501
497.91
509.78
516.75
519.75
516.2
514.02
508.75
507.09
505.38
508.19
506.18
514.23
516.96
510.98
516.42
528.98
532.73
525
524.88
526.02
525.13
531.06
535.56
541.25
543
543.79
543.61
545.76
547.88
550.3
555.04
553.89
553.46
511.9
519.01
509.3
516.98
508.74
508.53
512.92
520.23
510.32
513.72
510.05
503.3
509.75
519.34
520.8
510.18
519.54
515.72
509
492.02
497.44
502.48
498.94
509.96
516
510.7
514.43
511.53
507.84
512.36
513.1
515.02
523.4
529.36
517.9
521.28
516.99
520.53
524.06
523.2
526.53
526.52
539.27
547
556.34
561
564
570.4
571.73
567
569.99
583.38
586.25
585.09
587.11
595
615.11
621.36
633.64
623.98
638.47
618.49
630.45
635.41
654.56
638.67
661.25
672.71
678.68
674.09
677.77
677.51
700.69
702.79
710.51
706.99
737.56
741.13
734.6
675.78
657.74
644.99
673.28
638.57
633.94
629.59
636.48
643.77
670
680.2
674.8
682.11
690.75
711
691.01
678.31
692.73
697.8
714.99
715.99
719.94
714
696.31
687.51
688
674.16
674.21
685.83
697.88
694.99
698.99
707.07
704.93
698.57
692.87
685.26
679.69
653.94
653
630.04
645.01
642.7
651.14
645.9
628.97
620.76
608.36
562.03
560.71
558.8
591.81
570.97
559.94
549.19
539.01
528.67
509.07
489.43
511.14
496.86
509.41
520.52
523.39
522.5
538.35
528.31
534.94
503.51
512.85
502.06
505.95
461.2
460.13
470.5
471.87
471.51
450.95
445.25
447.69
428.88
428.83
425.26
440.01
432.67
442.98
427.99
428.98
441.11
427.32
438.43
457.46
452.59
445.16
447.46
435.65
447.74
469.9
461.73
457.01
477.03
473.04
469.13
464.5
464.07
457.16
458.13
444.4
455.63
535.21
539.39
537.57
557.94
551.29
549.21
545.88
550.83
562.21
578.31
598.49
598.86
591
591.47
586.2
579
574.75
586.23
586.5
579
581.43
578.55
574.63
578.51
552.14
546.96
544.96
567.94
574.79
583.47
582.5
576.5
565.33
577.08
579.52
568.06
549.56
556.4
547.93
561.49
566.5
576.35
564.51
555
556.22
545.36
544.99
543.67
544.1
527.41
532.47
519.58
536.51
530.88
542.3
545.99
550.76
545
536.5
539
516.28
514.04
534.16
498.35
481.31
466.99
482
496.22
486.24
492.09
479.3
485.51
474.56
472.51
468.12
467.59
478.37
482
480.15
492.47
502.15
501.51
497.7
506.98
509.08
490.43
494.72
482.92
491.5
486.68
483.46
474
472.49
469.75
476.77
468.73
460
445.99
452.53
423.17
424.47
408.35
430.21
424
426.15
438.48
422.64
461
454
433.25
430.34
439.19
428
419.98
395.4
411.15
409.79
397.35
371.79
373.33
330.16
344.52
313.16
355.79
393.53
354.65
332.76
378.96
379.75
372.45
357.78
351.84
326.25
336.38
339.02
364.95
368.46
356.16
357.58
353.49
362.15
339.97
333.12
329.1
308.68
302
292.16
303.25
303.19
302.03
295.36
274.89
262.51
269.39
268.68
280.28
290.58
286.95
269.9
269.85
276.53
271.02
289.99
297.69
309.24
304.17
295.71
314.01
314.52
318.64
316.7
310.99
308.56
300.43
301.48
304.07
300.22
300.8
304.2
308.6
321
332.98
328.32
318.28
327.5
316.31
311.77
310
297.57
305.02
299.14
288.35
298.04
309.27
324.85
326.45
337.98
344.54
344.69
334.29
342.57
340.07
340.91
356.46
371.28
375.98
358.95
353.16
362.19
346.51
347.24
357.47
338.05
348.72
