0.527552846313
1.09724489572
-1.49671014526
-1.19124090143
-0.274024245498
0.487963640644
-0.369774649696
-1.34477155031
-0.649410038446
0.947394183254
2.7532517971
-0.687190034038
-1.27696381029
1.75244132594
1.19662289106
-0.920955467052
-0.4343290776
-2.73041073855
0.527950114636
0.998267827241
-0.303367024481
0.343608079326
-0.12225892846
-0.599108543448
-1.08495054761
0.869153354838
-0.2733783535
1.42009761426
-0.323597557229
-0.287252513757
0.844440284703
-0.881731755034
-1.54171900351
-1.52547266278
-0.765856641904
0.863446558549
0.594531810403
0.915459142584
-1.2359839966
2.20643169085
-0.989802499564
0.715941951041
-0.336684071489
-1.26500011345
-0.67492512157
-0.514722451947
None
-2.01542485382
0.219732649711
-0.332453664839
-0.821333045295
-0.523909124868
-0.469000990722
0.363396126517
0.39356974354
-0.0451628159753
-1.45352519611
-1.47523239047
0.527730664783
-0.349291616606
0.325840227147
0.67034600168
0.355171317514
0.450209474176
0.00975662855191
0.78937551667
-1.37726162266
-0.303233909665
-0.122513053083
-0.661889396931
-0.431462915801
-0.200199225623
0.590171494839
-0.800478599143
-0.557534625056
-0.949467573965
-0.501479382583
0.213727364576
-0.138073083708
-0.630543088977
-0.5245205569
-0.622537068848
0.440270230486
-1.25014777258
-0.46990633516
-0.414072811535
0.0838158197365
-0.300244128132
0.444565644831
-0.951310752781
1.18465780976
0.269888977319
1.35045570387
-0.592778333288
-1.51030844279
0.668182222488
1.65192333169
-1.62530496265
0.472513113357
0.382039592698
0.177520374954
-1.71359726221
-1.35269396116
1.43961170138
0.962666813735
0.00752276250344
0.680008639165
-0.323627559327
-0.711219244302
-0.49586681055
-0.778361710324
1.97174615096
1.17752734439
1.3932262892
0.891956661354
-0.666665172018
-1.45529666918
2.03351275663
0.631521383536
-1.61809595903
-0.106194435398
-0.522399736093
0.125303285366
0.609507000314
0.412462639473
0.162995782325
-0.744429882934
0.995661429983
2.67707571576
-1.91542037311
1.73435769139
-0.0382129587334
1.17932220583
None
-0.0686991787076
-0.25143826189
0.252859352944
0.97928457464
-0.306462055144
0.143164416119
-0.367815900064
-0.597300357421
0.631882379824
0.900997626386
0.205471790334
2.20447377191
-0.667756398318
-0.802562964794
0.417417805826
0.0228985626767
-1.44213240197
0.951139748928
None
0.611820647658
0.902186025751
-0.826641962977
0.476327462122
-0.222004797183
-0.685761879458
-0.76297099033
0.0645233944632
0.0320859137239
1.34408688342
-0.768339325346
0.925868473207
-1.49619293169
-1.21530969183
-0.0329200337106
-1.79460313554
-2.04048515659
-0.798893363622
-1.08067840225
0.350706638059
2.17982017318
1.39615497282
0.628116338899
None
-0.348029552579
-0.711073730914
-0.165562083574
0.581802637503
0.828652398302
None
0.444481912969
-0.946821162615
-0.31043789708
-1.45518366716
0.283345486423
-0.0443334679744
-0.977413081112
0.042927511364
-0.69014096809
0.594231505891
0.0154025416827
-0.109345283448
0.638479581884
1.28705994618
-1.13868113002
0.053529361612
0.749136258487
