0
0
0
0
0
466.91
464.9357
465.2398
464.5427
465.6648
466.8577
470.2384
471.8131
472.1037
467.2169
462.4149
456.7735
453.4411
448.7493
448.3838
452.4713
454.3995
455.4282
454.6116
453.3226
450.3933
449.6695
448.661
447.115
446.7222
446.3158
448.9856
452.5411
454.8294
457.3296
458.6268
460.3763
460.9288
460.0263
461.2073
464.391
466.365
468.2093
467.9266
467.5019
466.6442
467.1601
467.5315
469.3082
469.8202
471.1573
476.6895
477.6811
477.9465
478.5332
478.4094
478.9496
479.0297
477.0755
474.6682
472.2544
471.6446
471.789
470.2493
469.1209
468.5264
466.6131
466.2894
465.0067
464.1476
466.5226
468.0961
468.5058
469.7899
472.9413
473.5724
475.3231
478.0879
479.92
485.8171
490.1551
492.3708
497.3448
502.8892
507.7066
510.1333
511.2438
510.5313
509.548
508.3572
508.3094
507.701
509.5664
511.6789
511.4792
512.8909
517.4878
521.8427
522.7448
523.3548
524.1163
524.4059
526.3071
528.9508
532.4648
535.4749
537.8506
539.4962
541.2858
543.1699
545.2071
548.0165
549.6946
550.7704
539.6646
533.7633
526.7738
523.9756
519.6225
516.4532
515.4437
516.8112
514.9566
514.6033
513.3023
510.4445
510.2461
512.8444
515.1174
513.7067
515.3734
515.4724
513.6231
507.4508
504.5906
503.9876
502.5454
504.6639
507.9028
508.702
510.3385
510.679
509.8678
510.5799
511.2999
512.3628
515.5163
519.4716
519.0226
519.6676
518.9025
519.3675
520.7082
521.4202
522.8801
523.9201
528.3058
533.647
540.1307
546.0934
551.2095
556.6925
560.9889
562.7064
564.7874
570.0996
574.714
577.6786
580.3733
584.5523
593.2831
601.3051
610.5436
614.3826
621.2647
620.4719
623.3228
626.7763
634.7145
635.8446
643.1033
651.5624
659.3103
663.533
667.6007
670.432
679.0771
685.8522
692.8973
696.9238
708.5341
717.8472
722.6337
709.247
694.5307
680.3762
678.3487
666.9834
657.5424
649.556
645.82
645.2343
652.3102
660.2787
664.4277
669.4798
675.557
685.6835
687.2054
684.6639
686.9685
690.0632
697.1851
702.558
707.5243
709.3745
705.6418
700.4613
696.9009
690.4035
685.7768
685.792
689.2457
690.8869
693.2021
697.1644
699.3831
699.1508
697.3563
693.9002
689.8401
679.583
671.9878
660.0027
655.7191
651.9994
651.7538
650.0813
644.0495
637.3954
629.0995
609.9368
595.872
585.28
587.1457
582.5241
576.0715
568.3911
559.9965
551.0461
539.0529
524.8749
520.9507
514.0676
512.7369
514.9606
517.369
518.835
524.4107
525.5248
528.2149
521.1563
518.7831
514.0051
511.7036
497.274
486.6614
482.0439
479.1371
476.9579
469.5271
462.5908
458.3334
449.9181
443.893
438.5693
438.9809
437.1778
438.8356
435.7368
433.8063
435.8931
433.4436
434.8683
441.3231
444.5422
444.7187
445.5019
442.6871
444.1308
451.4934
454.4182
455.1587
461.4076
464.7312
465.988
465.5628
465.1363
462.8574
461.5067
456.6191
456.3365
478.8718
496.1627
507.9934
522.2638
530.557
535.8864
538.7417
542.1955
547.914
556.5985
568.5675
577.2225
581.1589
584.105
584.7035
583.074
580.6957
582.2769
583.4835
582.2025
581.9818
581.0013
579.1809
578.9892
571.318
564.3586
558.8161
561.423
565.2421
570.4501
573.8929
574.6378
571.9784
573.436
575.1743
573.1416
566.404
563.5457
559.0841
559.7715
561.6939
565.8814
565.4896
562.4925
560.7004
556.3174
553.081
550.3922
548.5944
542.5417
539.6641
533.9258
534.6641
533.5829
536.0735
538.9068
542.2934
543.0667
541.1905
540.5647
533.6262
528.0301
529.7815
520.8011
509.5179
497.3671
492.9765
493.9032
491.7137
491.8212
488.2437
487.4627
483.7762
480.5573
477.0038
474.3141
475.4729
477.3378
478.1413
482.2352
487.9252
491.8065
493.4904
497.3446
500.6975
497.764
496.8943
492.9016
492.5012
490.838
488.73
484.5214
481.0839
477.8456
477.5383
475.0216
470.7297
463.6612
460.4809
449.8206
442.5776
432.7983
432.0588
429.7563
428.7259
431.5128
428.9777
438.1269
442.6621
439.9729
437.2207
437.7833
434.9881
430.7001
420.6143
417.9102
415.5902
410.3787
399.3534
391.9181
374.2729
365.7721
350.7401
352.1829
363.9964
361.326
353.1643
360.5345
366.0246
367.8604
364.9803
361.2259
351.2328
346.9892
344.7123
350.4945
355.6275
355.7796
356.294
355.4929
357.3949
352.4164
346.9031
341.8165
332.3489
323.6778
314.6727
311.4091
309.0608
307.052
303.7114
295.4767
286.0577
281.2955
277.6911
278.4308
281.902
283.3443
279.503
276.745
276.6836
275.0654
279.3296
284.5754
291.6224
295.2075
295.351
300.6822
304.6358
308.637
310.9407
310.9548
310.2706
307.459
305.7507
305.2705
303.8275
302.9625
303.3161
304.8258
309.447
316.1707
319.6419
319.2528
321.6091
320.0951
317.7165
315.5118
310.3856
308.8525
306.0775
301.0125
300.1632
302.7652
309.0751
314.0394
320.8795
327.6397
332.5112
333.0194
335.7482
336.983
338.105
343.3493
351.3295
358.3725
358.5375
357.0011
358.4836
355.0626
352.8276
354.154
349.5528
349.3149
