4.4739425e-01
8.3761603e-02
4.9450652e-02
-1.6874232e-01
-3.7815525e-01
-8.7614468e-02
-4.5468770e-01
-1.6757815e-01
-3.7949516e-01
9.0415943e-02
5.7457638e-01
3.3208911e-01
5.9077238e-01
4.5928675e-01
9.2583768e-01
7.9334651e-01
5.4054083e-01
1.8052065e-01
7.2782128e-02
-1.4114143e-01
3.1846781e-01
-7.6164082e-02
-4.8227788e-01
-2.2820572e-01
1.3237429e-01
-2.8626874e-01
2.1293394e-02
3.0254285e-01
8.7678646e-03
1.6334331e-01
2.2606879e-01
2.1820013e-01
6.0256694e-01
1.0574076e+00
9.3643726e-01
1.2510559e+00
1.3997115e+00
1.8281343e+00
2.0607638e+00
2.0335031e+00
1.8142860e+00
1.7923282e+00
2.1302681e+00
2.0489249e+00
2.4840139e+00
2.1239328e+00
2.5125204e+00
2.5466073e+00
2.3010423e+00
2.4791448e+00
2.0983450e+00
2.2676519e+00
1.8419387e+00
2.0150689e+00
2.0893475e+00
1.7982291e+00
1.4877858e+00
1.7902908e+00
1.8706252e+00
1.8599778e+00
1.4067741e+00
1.8306173e+00
2.0520476e+00
2.4929126e+00
2.3718515e+00
2.6103733e+00
3.0191548e+00
3.2754464e+00
2.8797062e+00
3.2705373e+00
3.3018237e+00
3.0156535e+00
3.2697185e+00
3.5966943e+00
3.6525486e+00
3.2950054e+00
2.9274163e+00
2.7389661e+00
3.1966850e+00
3.5793595e+00
3.2208997e+00
3.5068401e+00
3.7936857e+00
3.7166693e+00
3.7770924e+00
3.9383782e+00
4.1860466e+00
3.9725312e+00
3.8419535e+00
3.8813997e+00
4.0768441e+00
4.5697481e+00
4.4050724e+00
4.3247054e+00
3.8324242e+00
3.5375443e+00
3.3738470e+00
3.3345655e+00
3.7424476e+00
3.3101284e+00
2.9311437e+00
3.0372724e+00
3.1618693e+00
3.5111482e+00
3.1988685e+00
3.2416495e+00
3.2636561e+00
2.9544166e+00
3.0336514e+00
3.0861018e+00
2.8616871e+00
3.3298554e+00
3.5330361e+00
3.8865199e+00
3.5892869e+00
3.7913688e+00
3.5558313e+00
3.5604314e+00
3.6804415e+00
3.5884491e+00
3.6631500e+00
4.0560547e+00
3.9327517e+00
4.3380835e+00
4.7712990e+00
4.4415561e+00
4.5853607e+00
5.0616242e+00
