2.7226294e+02
2.7194558e+02
2.7158207e+02
2.7124285e+02
2.7110795e+02
2.7122245e+02
2.7104876e+02
2.7117050e+02
2.7161676e+02
2.7136507e+02
2.7113875e+02
2.7136562e+02
2.7127911e+02
2.7086594e+02
2.7094340e+02
2.7094174e+02
2.7114306e+02
2.7105128e+02
2.7116071e+02
2.7092115e+02
2.7067695e+02
2.7084209e+02
2.7092130e+02
2.7069792e+02
2.7056030e+02
2.7083392e+02
2.7051422e+02
2.7024213e+02
2.7027694e+02
2.7035862e+02
2.7045250e+02
2.7077599e+02
2.7064356e+02
2.7112293e+02
2.7151256e+02
2.7102704e+02
2.7094685e+02
2.7075960e+02
2.7125756e+02
2.7149971e+02
2.7160199e+02
2.7203167e+02
2.7191368e+02
2.7204535e+02
2.7215298e+02
2.7190250e+02
2.7151070e+02
2.7187946e+02
2.7224046e+02
2.7253393e+02
2.7267495e+02
2.7244517e+02
2.7236095e+02
2.7188964e+02
2.7147930e+02
2.7152780e+02
2.7111970e+02
2.7102886e+02
2.7083777e+02
2.7106648e+02
2.7058031e+02
2.7083828e+02
2.7085784e+02
2.7092261e+02
2.7051977e+02
2.7002862e+02
2.7029768e+02
2.6980562e+02
2.6977498e+02
2.6941533e+02
2.6936832e+02
2.6947862e+02
2.6958700e+02
2.6942199e+02
2.6985647e+02
2.6950041e+02
2.6905859e+02
2.6913123e+02
2.6893159e+02
2.6847727e+02
2.6831489e+02
2.6812929e+02
2.6781513e+02
2.6795939e+02
2.6764040e+02
2.6755885e+02
2.6775000e+02
2.6764924e+02
2.6779072e+02
2.6729929e+02
2.6723917e+02
2.6733763e+02
2.6707228e+02
2.6748945e+02
2.6722670e+02
2.6682586e+02
2.6649099e+02
2.6673045e+02
2.6656468e+02
2.6650963e+02
2.6674178e+02
2.6721669e+02
2.6722934e+02
2.6754687e+02
2.6711540e+02
2.6669655e+02
2.6652990e+02
2.6633270e+02
2.6617121e+02
2.6636744e+02
2.6589768e+02
2.6555883e+02
2.6575189e+02
2.6603577e+02
2.6564634e+02
2.6584496e+02
2.6546240e+02
2.6563692e+02
2.6595964e+02
2.6556163e+02
2.6586940e+02
2.6590530e+02
2.6550648e+02
2.6596406e+02
2.6613134e+02
2.6574378e+02
2.6580460e+02
2.6585009e+02
