4.7336957e-01
3.0809537e-01
7.9594379e-01
6.0395132e-01
3.7217028e-01
2.0133994e-01
1.3042180e-01
-3.4854662e-01
-7.4091951e-02
7.8303994e-03
-2.1451223e-01
-6.7580828e-02
-3.2241624e-01
-2.5121063e-01
-3.7781945e-01
-5.3828673e-01
-6.4817938e-01
-6.2430615e-01
-8.7369039e-01
-7.7788053e-01
-8.4789338e-01
-1.2941539e+00
-9.7517886e-01
-8.5615403e-01
-1.1577475e+00
-1.2265972e+00
-8.6189199e-01
-9.9668037e-01
-1.4304607e+00
-1.3569257e+00
-1.2726830e+00
-8.4120759e-01
-1.1064837e+00
-7.6380491e-01
-5.7998780e-01
-9.5743267e-01
-7.9979272e-01
-9.4860319e-01
-9.4020649e-01
-5.3283092e-01
-3.6654718e-01
-7.0325486e-01
-3.8883695e-01
-7.0367911e-01
-3.5011890e-01
1.1964126e-01
-6.6008009e-02
-3.4415630e-01
-4.5795655e-02
3.5787470e-01
5.7760296e-02
4.5735817e-01
5.0256886e-01
9.4863517e-02
-3.7500709e-01
-4.5761490e-01
-9.0197469e-01
-9.9329462e-01
-1.1052619e+00
-1.5366337e+00
-1.7107360e+00
-1.8984769e+00
-1.4775291e+00
-1.6040168e+00
-1.7285344e+00
-1.8748512e+00
-1.8491783e+00
-1.9112239e+00
-1.4303765e+00
-1.8475618e+00
-2.2253148e+00
-1.7267574e+00
-1.6674078e+00
-2.0284943e+00
-1.7475984e+00
-1.6853513e+00
-1.2720520e+00
-1.7556567e+00
-2.0944636e+00
-2.3077636e+00
-2.7205447e+00
-3.2069280e+00
-3.4518955e+00
-3.9307303e+00
-3.9630205e+00
-4.0061819e+00
-4.1983571e+00
-4.4854763e+00
-4.9502659e+00
-4.7520739e+00
-4.6136316e+00
-4.9423519e+00
-4.9410185e+00
-5.4298993e+00
-5.3341287e+00
-5.3519862e+00
-5.5875781e+00
-5.6692793e+00
-5.5281230e+00
-5.0705025e+00
-4.7221270e+00
-4.5886262e+00
-4.5228696e+00
-4.2928464e+00
-4.4305805e+00
-4.9055395e+00
-5.1444135e+00
-5.5448673e+00
-5.6261709e+00
-5.6562628e+00
-5.8613565e+00
-6.0498215e+00
-5.7149487e+00
-6.1910042e+00
-6.4241059e+00
-6.2496746e+00
-6.0384142e+00
-5.8530389e+00
-5.4262355e+00
-5.6533290e+00
-5.4237705e+00
-5.6303038e+00
-6.0291838e+00
-5.5466224e+00
-5.3642775e+00
-5.2418833e+00
-5.3574886e+00
-5.8177488e+00
