-3.81945559395629
-4.26645060470082
-4.15679201337321
-3.02805556134493
-3.31801860214496
-2.05646788400381
-1.58104307229654
-0.406926320802823
-0.279979252759177
-0.936795181707260
-2.41819425328604
-2.26270525738215
-1.44415388886114
-1.73674201969554
-2.27752843618406
-2.58617025146418
-3.68276355298965
-4.17577336830610
-4.35651272472114
-4.31067161900743
-4.37445473902977
-3.76311954496453
-3.65380185118966
-1.83978640090928
-1.52776257258001
0.276731199144178
-0.446390280426240
0.0801567573233186
-0.180094104382798
0.420048404425832
