-6.3989039e+02
-6.3995790e+02
-6.4025642e+02
-6.4062535e+02
-6.4077259e+02
-6.4030364e+02
-6.4050067e+02
-6.4052402e+02
-6.4055009e+02
-6.4101647e+02
-6.4083102e+02
-6.4129893e+02
-6.4171710e+02
-6.4154925e+02
-6.4181763e+02
-6.4151261e+02
-6.4129198e+02
-6.4143752e+02
-6.4115514e+02
-6.4132704e+02
-6.4167286e+02
-6.4123642e+02
-6.4152657e+02
-6.4136469e+02
-6.4176344e+02
-6.4216440e+02
-6.4260605e+02
-6.4309527e+02
-6.4268071e+02
-6.4312018e+02
-6.4274673e+02
-6.4253865e+02
-6.4273725e+02
-6.4311098e+02
-6.4285386e+02
-6.4267448e+02
-6.4237614e+02
-6.4190289e+02
-6.4197492e+02
-6.4154581e+02
-6.4138132e+02
-6.4155446e+02
-6.4114691e+02
-6.4157055e+02
-6.4160794e+02
-6.4197793e+02
-6.4218606e+02
-6.4232942e+02
-6.4257442e+02
-6.4224325e+02
-6.4186359e+02
-6.4143230e+02
-6.4126896e+02
-6.4082401e+02
-6.4047340e+02
-6.4024747e+02
-6.3997281e+02
-6.3999439e+02
-6.3994116e+02
-6.3981066e+02
-6.3953841e+02
-6.3927080e+02
-6.3930785e+02
-6.3972896e+02
-6.3980149e+02
-6.3961115e+02
-6.3918046e+02
-6.3871164e+02
-6.3846991e+02
-6.3895738e+02
-6.3865345e+02
-6.3850993e+02
-6.3801467e+02
-6.3772373e+02
-6.3781393e+02
-6.3744815e+02
-6.3769309e+02
-6.3782789e+02
-6.3827956e+02
-6.3808500e+02
-6.3835568e+02
-6.3826809e+02
-6.3793647e+02
-6.3794214e+02
-6.3765615e+02
-6.3790302e+02
-6.3777657e+02
-6.3816740e+02
-6.3822755e+02
-6.3826157e+02
-6.3807033e+02
-6.3810853e+02
-6.3766516e+02
-6.3748174e+02
-6.3758990e+02
-6.3789104e+02
-6.3807542e+02
-6.3797720e+02
-6.3790844e+02
-6.3814127e+02
