2.7095345e-02
1.2775197e-01
-9.6097452e-02
-2.7907632e-02
4.3375007e-02
2.1050509e-01
-2.1840819e-01
-5.6618112e-01
-4.9732535e-01
-8.4933575e-01
-3.9838212e-01
-5.2385378e-01
-3.5663028e-01
5.8060976e-03
-3.2940179e-01
-5.5754747e-01
-6.2904710e-01
-7.8942892e-01
-9.8189660e-01
-8.6761188e-01
-1.2575135e+00
-1.0368065e+00
-1.1385627e+00
-1.5704731e+00
-1.5616380e+00
-1.8737936e+00
-1.7170741e+00
-1.8663566e+00
-1.7952501e+00
-2.2781004e+00
-2.4266767e+00
-2.1571067e+00
-2.2621642e+00
-1.8535706e+00
-1.5141598e+00
-1.6920653e+00
-1.2994718e+00
-9.9178241e-01
-1.1247042e+00
-1.3809585e+00
-1.6957297e+00
-1.5433480e+00
-1.0694868e+00
-1.3848796e+00
-1.7218463e+00
-1.4968669e+00
-1.5427808e+00
-1.1342665e+00
-9.4623477e-01
-5.5139662e-01
-9.0214307e-02
1.8388325e-01
-9.6810478e-02
-5.6724248e-02
1.3110407e-01
3.7105803e-01
3.4069382e-01
7.8621907e-01
2.9246012e-01
-1.2484689e-01
-1.4068359e-01
1.2287582e-01
5.1937373e-01
5.3999570e-01
4.0177871e-01
2.8321900e-01
7.1440913e-01
9.3474321e-01
8.8554632e-01
9.2041307e-01
9.6472334e-01
1.3823555e+00
1.4899850e+00
1.3271527e+00
1.5610764e+00
1.9849597e+00
1.6936446e+00
1.4851356e+00
1.8376344e+00
1.4075053e+00
1.3312820e+00
1.2700567e+00
1.4001780e+00
1.1789960e+00
1.2023705e+00
1.4126119e+00
1.5105523e+00
1.5487271e+00
1.5598710e+00
1.8638026e+00
1.5971389e+00
1.7635062e+00
1.9962966e+00
1.7510946e+00
1.6577446e+00
1.2328941e+00
1.3515666e+00
1.6909334e+00
2.0432087e+00
2.0663657e+00
