-1.03598477851339

0.841880681982465

1.78258508533460

2.56993086526984

1.69405660331317

1.45571145284460

-1.81035724113683

-1.31607018575742

-2.79919120827332

-3.81945559395629

-4.26645060470082

-3.02805556134493

-1.73674201969554

-2.27752843618406

-2.58617025146418

-3.68276355298965

-4.17577336830610

-4.35651272472114

-4.31067161900743

-4.37445473902977

-3.76311954496453

0.0801567573233186

-0.180094104382798

0.420048404425832

1.01397920007458

-1.17204241267365

-2.49908556219394

-3.94009915983286

-3.53825466279304

-2.06805338194452

-2.39486761073043

-1.58254460608963

-1.03700450256352

-2.08863681208436

-1.69116981628906

-2.44306455497095

-0.926797658324995

-0.959364167519476

0.841010365867007

0.778219140148682

-1.66824614750388

-2.78697814995661

-3.41335668882375

-3.16383894826095

-4.15685795481055

-3.18190772999924

-3.82261723672530

-2.01375461620605

-3.09362086694487

-2.89443142286961
-4.38886976588270

-4.08838379828697

-4.46145445691797

-2.84707895666875

-3.05439655026838

-3.36190002013113

-2.89836269916292

-1.85152991485769

-2.04948854746953

-1.72181038356233

-1.96011188815206

-1.63254623208668

-1.03144419961839

-0.939136248379424

0.790705143192941

0.182147698454621

-0.554912073243184

-2.30479137963081

0.0460997811117354
